1,1,12,建档,1,1
1,2,12,血常规、尿常规、宫高、腹围、胎心、血压、体重,1,1
1,3,12,排除宫外孕、葡萄胎及各种流产,1,1
2,1,16,血常规、尿常规、宫高、腹围、胎心、血压、体重,1,0
2,2,16,唐氏筛查,1,0
3,1,20,血常规、尿常规、宫高、腹围、胎心、血压、体重,1,0
3,2,20,四维彩照胎儿寄信筛查,1,0
4,1,24,血常规、尿常规、宫高、腹围、胎心、血压、体重,1,0
4,2,24,妊娠糖尿病筛检,1,0
5,1,28,血常规、尿常规、宫高、腹围、胎心、血压、体重,1,1
5,2,28,乙型肝炎抗原,1,1
5,3,28,胎位检查,1,1
5,4,28,B超,1,1
6,1,30,血常规、尿常规、宫高、腹围、胎心、血压、体重,1,0
6,2,30,下肢水肿,1,0
6,3,30,子痫前症,1,0
6,4,30,指导准妈妈自数胎动,1,0
7,1,32,血常规、尿常规、宫高、腹围、胎心、血压、体重,1,0
7,2,32,评估胎儿体重,1,0
7,3,32,胎位检查,1,0
7,4,32,指导准妈妈自数胎动,1,0
8,1,36,血常规、尿常规、宫高、腹围、胎心、血压、体重,1,0
8,2,36,胎位检查,1,0
8,3,36,指导准妈妈自数胎动,1,0
9,1,37,血常规、尿常规、宫高、腹围、胎心、血压、体重,1,1
9,2,37,肝脏有异常者复查肝功能,1,1
9,3,37,指导准妈妈自数胎动,1,1
9,4,37,查血凝四项,1,1
9,5,37,胎位检查,1,1
9,6,37,B超,1,1
9,7,37,心电图,1,1
9,8,37,胎心监测,1,1
9,9,37,检查胎儿与准妈妈骨盆等情况，决定分娩方式,1,1
9,10,37,指导准妈妈有不适情况如腹痛、见红、阴道流液随诊,1,1
10,1,38,血常规、尿常规、宫高、腹围、胎心、血压、体重,1,0
10,2,38,胎位检查,1,0
10,3,38,胎心监测，每天勤练拉玛泽呼吸法,1,0
11,1,39,血常规、尿常规、宫高、腹围、胎心、血压、体重,1,0
11,2,39,胎位检查,1,0
11,3,39,胎心监测，每天勤练拉玛泽呼吸法,1,0
12,1,40,血常规、尿常规、宫高、腹围、胎心、血压、体重,1,0
12,2,40,胎位检查,1,0
12,3,40,胎心监测，每天勤练拉玛泽呼吸法,1,0
